Starting Bounce benchmark ...

==========GC=========
AS mono 000:303 alloc      1 hit      0 trans      7 copy     14 size 1/0 share 3
AS mono 000:346 alloc      1 hit      0 trans      3 copy      0 size 1/0 share 3
AS mono 000:358 alloc      1 hit      0 trans      3 copy      0 size 1/0 share 1
AS mono 008:012 alloc      1 hit      0 trans      1 copy      0 size 1/0 share 1
AS mono 021:005 alloc      4 hit      0 trans     10 copy      2 size 1/0 share 1
AS mono 023:010 alloc      1 hit      0 trans      1 copy      0 size 4/0 share 3
AS mono 077:006 alloc    292 hit    291 trans    584 copy      0 size 1/0 share 1
AS mono 077:026 alloc    292 hit    291 trans    292 copy      0 size 4/0 share 3
AS mono 077:039 alloc  29125 hit  29124 trans 145620 copy 145620 size 1/0 share 1
64 29 139636953310624
88 28 139636953310720
88 25 139636953310808
32 24 139636953311512
24 17 139636953311704
64 29 139636953311728
88 28 139636953311824
56 25 139636953311912
64 29 139636953311968
24 31 139636953312032
88 28 139636953312056
24 25 139636953312144
64 29 139636953313032
64 29 139636953313096
32 24 139636953313160
88 28 139636953313192
40 25 139636953313280
24 17 139636953313352
64 29 139636953313376
88 28 139636953313472
56 25 139636953313560
64 29 139636953313616
24 31 139636953313680
88 28 139636953313704
24 25 139636953313792
64 29 139636953313928
32 6 139636953314112
32 17 139636953314144
64 29 139636953314176
88 28 139636953314272
72 25 139636953314360
64 29 139636953314432
24 31 139636953314496
88 28 139636953314520
24 25 139636953314608
24 21 139636953314632
24 21 139636953314704
168 17 139636953314760
64 29 139636953314928
88 28 139636953315024
792 25 139636953315112
24 17 139636953315904
64 29 139636953315928
88 28 139636953316024
56 25 139636953316112
48 8 139636953316168
32 6 139636953316216
32 24 139636953316312
48 8 139636953316472
32 6 139636953316520
48 8 139636953316552
32 6 139636953316600
48 8 139636953316632
32 6 139636953316680
48 8 139636953316712
32 6 139636953316760
48 8 139636953316792
32 6 139636953316840
112 20 139636953316872
32 6 139636953316984
64 29 139636953317016
160 24 139636953317080
88 28 139636953317240
40 25 139636953317328
64 29 139636953317368
24 31 139636953317432
88 28 139636953317456
24 25 139636953317544
24 17 139636953318688
64 29 139636953318712
88 28 139636953318808
56 25 139636953318896
48 8 139636953319288
32 6 139636953319336
32 6 139636953319368
48 8 139636953319784
32 6 139636953319832
48 8 139636953320128
32 6 139636953320176
32 24 139636953320272
48 8 139636953320432
32 6 139636953320480
32 6 139636953320512
40 17 139636953320544
64 29 139636953320584
88 28 139636953320680
88 25 139636953320768
64 29 139636953320856
24 31 139636953320920
88 28 139636953320944
24 25 139636953321032
56 17 139636953322232
64 29 139636953322288
88 28 139636953322384
120 25 139636953322472
32 6 139636953324096
32 17 139636953324192
64 29 139636953324224
88 28 139636953324320
280 25 139636953324408
48 8 139636953324688
32 6 139636953324736
48 8 139636953325056
32 6 139636953325104
64 29 139636953325136
32 24 139636953325200
88 28 139636953325232
40 25 139636953325320
48 8 139636953325360
32 6 139636953325408
32 6 139636953325440
136 17 139636953325472
64 29 139636953325608
88 28 139636953325704
280 25 139636953325792
64 29 139636953326072
24 31 139636953326136
88 28 139636953326160
24 25 139636953326248
64 29 139636953326352
32 24 139636953326416
88 28 139636953326448
40 25 139636953326536
48 8 139636953326576
32 6 139636953326624
32 6 139636953326656
24 17 139636953326688
64 29 139636953326712
88 28 139636953326808
56 25 139636953326896
64 29 139636953326952
24 31 139636953327016
88 28 139636953327040
24 25 139636953327128
48 8 139636953327808
32 6 139636953327856
48 8 139636953328440
32 6 139636953328488
48 8 139636953329048
32 6 139636953329096
48 8 139636953329632
32 6 139636953329680
48 8 139636953330192
32 6 139636953330240
48 8 139636953330728
32 6 139636953330776
48 8 139636953331240
32 6 139636953331288
48 8 139636953331728
32 6 139636953331776
48 8 139636953332192
32 6 139636953332240
48 8 139636953332632
32 6 139636953332680
48 8 139636953333048
32 6 139636953333096
48 8 139636953333440
32 6 139636953333488
48 8 139636953333808
32 6 139636953333856
48 24 139636953333976
48 8 139636953334168
32 6 139636953334216
48 8 139636953334248
32 6 139636953334296
48 8 139636953334600
32 6 139636953334648
64 29 139636953334680
32 24 139636953334744
88 28 139636953334776
40 25 139636953334864
48 8 139636953334904
32 6 139636953334952
32 6 139636953334984
80 17 139636953335016
64 29 139636953335096
88 28 139636953335192
168 25 139636953335280
64 29 139636953335448
24 31 139636953335512
88 28 139636953335536
24 25 139636953335624
48 8 139636953336136
32 6 139636953336184
48 8 139636953336600
32 6 139636953336648
48 8 139636953337040
32 6 139636953337088
48 8 139636953337456
32 6 139636953337504
48 8 139636953337848
32 6 139636953337896
48 8 139636953338216
32 6 139636953338264
48 8 139636953338560
32 6 139636953338608
64 29 139636953338640
88 28 139636953338768
40 25 139636953338856
48 8 139636953338896
32 6 139636953338944
120 17 139636953338976
64 29 139636953339096
88 28 139636953339192
248 25 139636953339280
48 8 139636953339528
32 6 139636953339576
48 8 139636953340136
32 6 139636953340184
48 8 139636953340720
32 6 139636953340768
48 8 139636953341280
32 6 139636953341328
48 8 139636953341816
32 6 139636953341864
48 8 139636953342328
32 6 139636953342376
48 8 139636953342816
32 6 139636953342864
48 8 139636953343280
32 6 139636953343328
48 8 139636953343720
32 6 139636953343768
48 8 139636953344136
32 6 139636953344184
48 8 139636953344528
32 6 139636953344576
48 8 139636953344896
32 6 139636953344944
48 8 139636953345240
32 6 139636953345288
48 8 139636953345560
32 6 139636953345608
24 17 139636953345640
64 29 139636953345664
32 24 139636953345728
88 28 139636953345760
88 25 139636953345848
48 8 139636953345936
32 6 139636953345984
48 8 139636953348504
32 6 139636953348552
48 8 139636953348848
32 6 139636953348896
48 8 139636953349152
32 6 139636953349200
32 24 139636953349320
48 8 139636953349704
32 6 139636953349752
24 17 139636953349784
64 29 139636953349808
32 24 139636953349872
88 28 139636953349904
120 25 139636953349992
48 8 139636953350112
32 6 139636953350160
24 17 139636953350192
64 29 139636953350216
32 24 139636953350280
88 28 139636953350312
104 25 139636953350400
48 8 139636953350504
32 6 139636953350552
48 8 139636953351608
32 6 139636953351656
48 8 139636953352688
48 8 139636953353744
32 6 139636953353792
48 8 139636953354776
48 8 139636953355784
48 8 139636953356768
32 6 139636953356816
48 8 139636953357728
32 6 139636953357776
48 8 139636953358664
32 6 139636953358712
48 8 139636953359576
48 8 139636953360464
32 6 139636953360512
48 8 139636953361328
32 6 139636953361376
48 8 139636953362168
32 6 139636953362216
48 8 139636953362984
32 6 139636953363032
32 24 139636953363152
48 8 139636953363776
32 6 139636953363824
8 18 139636953363856
56 7 139636953363864
40 20 139636953363920
24 21 139636953363960
24 4 139636953363984
24 21 139636953364008
32 4 139636953364032
24 21 139636953364064
40 4 139636953364088
24 21 139636953364128
24 4 139636953364152
24 21 139636953364176
24 4 139636953364200
24 21 139636953364224
32 4 139636953364248
24 21 139636953364280
24 4 139636953364304
24 21 139636953364328
24 4 139636953364352
24 21 139636953364376
24 4 139636953364400
24 21 139636953364424
40 4 139636953364448
24 21 139636953364488
24 4 139636953364512
24 21 139636953364536
24 4 139636953364560
24 21 139636953364584
24 4 139636953364608
24 21 139636953364632
24 4 139636953364656
24 21 139636953364680
24 4 139636953364704
24 21 139636953364728
32 4 139636953364752
24 21 139636953364784
24 4 139636953364808
24 21 139636953364832
24 4 139636953364856
24 21 139636953364880
24 4 139636953364904
24 21 139636953364928
24 4 139636953364952
24 21 139636953364976
32 4 139636953365000
24 21 139636953365032
24 4 139636953365056
24 21 139636953365080
24 4 139636953365104
24 21 139636953365128
24 4 139636953365152
24 21 139636953365176
24 4 139636953365200
24 21 139636953365224
32 4 139636953365248
24 21 139636953365280
32 4 139636953365304
24 21 139636953365336
32 4 139636953365360
24 21 139636953365392
56 4 139636953365416
24 21 139636953365472
24 4 139636953365496
24 21 139636953365520
48 4 139636953365544
24 21 139636953365592
24 4 139636953365616
24 21 139636953365640
32 4 139636953365664
24 21 139636953365696
32 4 139636953365720
24 21 139636953365752
32 4 139636953365776
24 21 139636953365808
32 4 139636953365832
24 21 139636953365864
32 4 139636953365888
24 21 139636953365920
24 4 139636953365944
24 21 139636953365968
24 4 139636953365992
24 21 139636953366016
24 4 139636953366040
24 21 139636953366064
32 4 139636953366088
24 21 139636953366120
24 4 139636953366144
24 21 139636953366168
24 4 139636953366192
24 21 139636953366216
24 4 139636953366240
24 21 139636953366264
24 4 139636953366288
24 21 139636953366312
32 4 139636953366336
24 21 139636953366368
24 4 139636953366392
24 21 139636953366416
32 4 139636953366440
24 21 139636953366472
32 4 139636953366496
24 21 139636953366528
24 4 139636953366552
24 21 139636953366576
40 4 139636953366600
24 21 139636953366640
32 4 139636953366664
24 21 139636953366696
32 4 139636953366720
24 21 139636953366752
32 4 139636953366776
24 21 139636953366808
32 4 139636953366832
24 21 139636953366864
24 4 139636953366888
24 21 139636953366912
24 4 139636953366936
24 21 139636953366960
32 4 139636953366984
24 21 139636953367016
24 4 139636953367040
24 21 139636953367064
32 4 139636953367088
24 21 139636953367120
32 4 139636953367144
24 21 139636953367176
24 4 139636953367200
24 21 139636953367224
32 4 139636953367248
24 21 139636953367280
24 4 139636953367304
24 21 139636953367328
32 4 139636953367352
24 21 139636953367384
24 4 139636953367408
24 21 139636953367432
24 4 139636953367456
24 21 139636953367480
24 4 139636953367504
24 21 139636953367528
24 4 139636953367552
24 21 139636953367576
24 4 139636953367600
24 21 139636953367624
24 4 139636953367648
24 21 139636953367672
24 4 139636953367696
24 21 139636953367720
40 4 139636953367744
24 21 139636953367784
32 4 139636953367808
24 21 139636953367840
32 4 139636953367864
24 21 139636953367896
32 4 139636953367920
24 21 139636953367952
40 4 139636953367976
24 21 139636953368016
24 4 139636953368040
24 21 139636953368064
24 4 139636953368088
24 21 139636953368112
24 4 139636953368136
24 21 139636953368160
24 4 139636953368184
24 21 139636953368208
24 4 139636953368232
24 21 139636953368256
24 4 139636953368280
24 21 139636953368304
40 4 139636953368328
24 21 139636953368368
32 4 139636953368392
24 21 139636953368424
24 4 139636953368448
24 21 139636953368472
32 4 139636953368496
24 21 139636953368528
32 4 139636953368552
24 21 139636953368584
32 4 139636953368608
24 21 139636953368640
24 4 139636953368664
24 21 139636953368688
24 4 139636953368712
24 21 139636953368736
24 4 139636953368760
24 21 139636953368784
24 4 139636953368808
24 21 139636953368832
32 4 139636953368856
56 9 139636953368992
16 5 139636953369048
16 5 139636953369064
16 5 139636953369080
16 5 139636953369096
16 5 139636953369112
16 5 139636953369128
16 5 139636953369144
16 5 139636953369160
56 9 139636953369176
56 9 139636953369232
56 9 139636953369288
56 9 139636953369344
56 9 139636953369400
56 9 139636953369456
56 9 139636953369512
56 9 139636953369568
56 9 139636953369624
56 9 139636953369680
56 9 139636953369736
56 9 139636953369792
56 9 139636953369848
56 9 139636953369904
56 9 139636953369960
56 9 139636953370016
56 9 139636953370072
56 9 139636953370128
56 9 139636953370184
56 9 139636953370240
56 9 139636953370296
56 9 139636953370352
56 9 139636953370408
56 9 139636953370464
56 9 139636953370520
56 9 139636953370576
56 9 139636953370632
56 9 139636953370688
56 9 139636953370744
56 9 139636953370800
56 9 139636953370856
56 9 139636953370912
56 9 139636953370968
32 6 139636953371024
64 29 139636953371056
24 21 139636953371120
24 4 139636953371144
24 31 139636953371168
88 28 139636953371192
40 25 139636953371280
32 6 139636953371320
232 6 139636953371352
64 29 139636953371584
24 21 139636953371648
24 4 139636953371672
24 21 139636953371696
24 4 139636953371720
24 21 139636953371744
24 4 139636953371768
24 21 139636953371792
24 4 139636953371816
24 21 139636953371840
24 4 139636953371864
24 21 139636953371888
24 4 139636953371912
24 21 139636953371936
24 4 139636953371960
24 21 139636953371984
24 4 139636953372008
24 21 139636953372032
24 4 139636953372056
24 21 139636953372080
24 4 139636953372104
24 21 139636953372128
24 4 139636953372152
24 21 139636953372176
24 4 139636953372200
24 21 139636953372224
24 4 139636953372248
24 21 139636953372272
24 4 139636953372296
24 21 139636953372320
24 4 139636953372344
24 21 139636953372368
24 4 139636953372392
24 21 139636953372416
24 4 139636953372440
24 21 139636953372464
24 4 139636953372488
24 21 139636953372512
24 4 139636953372536
24 21 139636953372560
24 4 139636953372584
24 21 139636953372608
24 4 139636953372632
24 21 139636953372656
24 4 139636953372680
24 21 139636953372704
24 4 139636953372728
24 21 139636953372752
24 4 139636953372776
24 21 139636953372800
24 4 139636953372824
24 21 139636953372848
24 4 139636953372872
24 31 139636953372896
88 28 139636953372920
440 25 139636953373008
32 6 139636953373448
256 6 139636953373480
64 29 139636953373736
24 21 139636953373800
32 4 139636953373824
24 21 139636953373856
24 4 139636953373880
24 21 139636953373904
32 4 139636953373928
24 21 139636953373960
24 4 139636953373984
24 21 139636953374008
24 4 139636953374032
24 21 139636953374056
24 4 139636953374080
24 21 139636953374104
32 4 139636953374128
24 21 139636953374160
24 4 139636953374184
24 21 139636953374208
24 4 139636953374232
24 21 139636953374256
32 4 139636953374280
24 21 139636953374312
32 4 139636953374336
24 21 139636953374368
32 4 139636953374392
24 21 139636953374424
32 4 139636953374448
24 21 139636953374480
32 4 139636953374504
24 21 139636953374536
32 4 139636953374560
24 21 139636953374592
24 4 139636953374616
24 21 139636953374640
24 4 139636953374664
24 21 139636953374688
32 4 139636953374712
24 21 139636953374744
24 4 139636953374768
24 21 139636953374792
24 4 139636953374816
24 21 139636953374840
32 4 139636953374864
24 21 139636953374896
32 4 139636953374920
24 21 139636953374952
32 4 139636953374976
24 21 139636953375008
24 4 139636953375032
24 31 139636953375056
88 28 139636953375080
488 25 139636953375168
32 6 139636953375656
56 9 139636953375688
56 9 139636953375744
56 17 139636953375800
64 29 139636953375856
88 28 139636953375952
168 25 139636953376040
24 21 139636953376208
24 4 139636953376232
24 21 139636953376640
40 4 139636953376664
24 21 139636953377064
32 4 139636953377088
24 21 139636953377768
32 4 139636953377792
16 5 139636953377824
64 24 139636953377904
24 21 139636953378144
32 4 139636953378168
16 5 139636953378200
56 9 139636953378216
56 9 139636953378272
56 9 139636953378328
24 17 139636953378384
64 29 139636953378408
88 28 139636953378504
104 25 139636953378592
24 21 139636953378984
32 4 139636953379008
56 9 139636953379040
56 9 139636953379096
56 9 139636953379152
56 9 139636953379208
56 9 139636953379264
56 9 139636953379320
56 9 139636953379376
56 9 139636953379432
56 9 139636953379488
56 9 139636953379544
56 9 139636953379600
56 9 139636953379656
56 9 139636953379712
56 9 139636953379768
56 9 139636953379824
56 9 139636953379880
56 9 139636953379936
56 9 139636953379992
56 9 139636953380048
56 9 139636953380104
56 9 139636953380160
56 9 139636953380216
56 9 139636953380272
56 9 139636953380328
56 9 139636953380384
56 9 139636953380440
56 9 139636953380496
56 9 139636953380552
56 9 139636953380608
64 29 139636953380664
88 28 139636953380760
88 25 139636953380848
56 9 139636953380936
56 9 139636953380992
64 29 139636953381048
24 31 139636953381112
88 28 139636953381136
72 25 139636953381224
64 29 139636953381296
24 31 139636953381360
88 28 139636953381384
40 25 139636953381472
48 13 139636953381512
64 29 139636953381560
24 31 139636953381624
88 28 139636953381648
72 25 139636953381736
64 29 139636953381808
24 31 139636953381872
88 28 139636953381896
40 25 139636953381984
40 14 139636953382024
64 29 139636953382064
24 31 139636953382128
88 28 139636953382152
56 25 139636953382240
64 29 139636953382296
24 31 139636953382360
88 28 139636953382384
56 25 139636953382472
136 12 139636953382528
64 29 139636953382664
24 21 139636953382728
32 4 139636953382752
24 21 139636953382784
32 4 139636953382808
24 21 139636953382840
24 4 139636953382864
24 21 139636953382888
32 4 139636953382912
24 21 139636953382944
24 4 139636953382968
24 21 139636953382992
32 4 139636953383016
24 21 139636953383048
32 4 139636953383072
24 21 139636953383104
32 4 139636953383128
24 31 139636953383160
88 28 139636953383184
248 25 139636953383272
64 29 139636953383520
24 31 139636953383584
88 28 139636953383608
72 25 139636953383696
8 18 139636953383768
136 7 139636953383776
64 29 139636953383912
24 21 139636953383976
32 4 139636953384000
24 21 139636953384032
24 4 139636953384056
24 21 139636953384080
24 4 139636953384104
24 21 139636953384128
24 4 139636953384152
24 21 139636953384176
24 4 139636953384200
24 21 139636953384224
24 4 139636953384248
24 21 139636953384272
24 4 139636953384296
24 21 139636953384320
24 4 139636953384344
24 21 139636953384368
24 4 139636953384392
24 21 139636953384416
32 4 139636953384440
24 31 139636953384472
88 28 139636953384496
248 25 139636953384584
64 29 139636953384832
24 31 139636953384896
88 28 139636953384920
72 25 139636953385008
64 9 139636953385080
64 29 139636953385144
24 21 139636953385208
24 4 139636953385232
24 31 139636953385256
88 28 139636953385280
104 25 139636953385368
64 29 139636953385472
24 31 139636953385536
88 28 139636953385560
24 25 139636953385648
40 6 139636953385672
64 29 139636953385712
24 31 139636953385776
88 28 139636953385800
56 25 139636953385888
88 28 139636953385944
24 25 139636953386032
16 5 139636953386056
16 5 139636953386072
16 5 139636953386088
24 21 139636953386104
24 4 139636953386128
24 21 139636953386152
24 4 139636953386176
24 21 139636953386200
24 4 139636953386224
24 21 139636953386248
32 4 139636953386272
24 21 139636953386304
24 4 139636953386328
24 21 139636953386352
32 4 139636953386376
24 21 139636953386408
24 4 139636953386432
24 21 139636953386456
24 4 139636953386480
24 21 139636953386504
24 4 139636953386528
24 21 139636953386552
24 4 139636953386576
24 21 139636953386600
24 4 139636953386624
24 21 139636953386648
24 4 139636953386672
24 21 139636953386696
24 4 139636953386720
24 21 139636953386744
24 4 139636953386768
24 21 139636953386792
32 4 139636953386816
24 21 139636953386848
32 4 139636953386872
24 21 139636953386904
32 4 139636953386928
24 21 139636953386960
40 4 139636953386984
40 17 139636956532712
32 6 139636956532808
40 17 139636956532840
32 6 139636956532936
40 17 139636956532968
32 6 139636956533064
40 17 139636956533096
32 6 139636956533192
40 17 139636956533224
32 6 139636956533320
40 17 139636956533352
32 6 139636956533448
40 17 139636956533480
32 6 139636956533576
40 17 139636956533608
32 6 139636956533704
40 17 139636956533736
32 6 139636956533832
40 17 139636956533864
32 6 139636956533960
40 17 139636956533992
32 6 139636956534088
40 17 139636956534120
32 6 139636956534216
40 17 139636956534248
32 6 139636956534344
40 17 139636956534376
32 6 139636956534472
40 17 139636956534504
32 6 139636956534600
40 17 139636956534632
32 6 139636956534728
40 17 139636956534760
32 6 139636956534856
40 17 139636956534888
32 6 139636956534984
40 17 139636956535016
32 6 139636956535112
40 17 139636956535144
32 6 139636956535240
40 17 139636956535272
32 6 139636956535368
40 17 139636956535400
32 6 139636956535496
40 17 139636956535528
32 6 139636956535624
40 17 139636956535656
32 6 139636956535752
808 18 139636956535784
56 7 139636956536592
32 6 139636956536648
48 20 139636956536680
==========GC=========
AS mono 000:303 alloc      1 hit      0 trans      7 copy     14 size 6/0 share 1
AS mono 000:346 alloc      1 hit      0 trans      3 copy      0 size 2/0 share 1
AS mono 000:358 alloc      1 hit      0 trans      3 copy      0 size 2/0 share 1
AS mono 008:012 alloc      1 hit      0 trans      1 copy      0 size 1/0 share 1
AS poly 021:005 alloc      4 hit      0 trans     10 copy      2 size 0/0 share 0
AS mono 023:010 alloc      1 hit      0 trans      1 copy      0 size 4/0 share 3
AS mono 077:006 alloc    785 hit    493 trans   1077 copy      0 size 1/0 share 1
AS mono 077:026 alloc    785 hit    784 trans    785 copy      0 size 4/0 share 3
AS mono 077:039 alloc  78500 hit  49375 trans 194997 copy 145620 size 4/0 share 2
64 29 139636953310488
88 28 139636953310720
88 25 139636953310808
32 24 139636953311512
24 17 139636953311704
64 29 139636953311728
88 28 139636953311824
56 25 139636953311912
64 29 139636953311968
24 31 139636953312032
88 28 139636953312056
24 25 139636953312144
64 29 139636953313032
64 29 139636953313096
32 24 139636953313160
88 28 139636953313192
40 25 139636953313280
24 17 139636953313352
64 29 139636953313376
88 28 139636953313472
56 25 139636953313560
64 29 139636953313616
24 31 139636953313680
88 28 139636953313704
24 25 139636953313792
64 29 139636953313928
32 6 139636953314112
32 17 139636953314144
64 29 139636953314176
88 28 139636953314272
72 25 139636953314360
64 29 139636953314432
24 31 139636953314496
88 28 139636953314520
24 25 139636953314608
168 17 139636953314760
64 29 139636953314928
88 28 139636953315024
792 25 139636953315112
24 17 139636953315904
64 29 139636953315928
88 28 139636953316024
56 25 139636953316112
48 8 139636953316168
32 6 139636953316216
32 24 139636953316312
48 8 139636953316472
32 6 139636953316520
48 8 139636953316552
32 6 139636953316600
48 8 139636953316632
32 6 139636953316680
48 8 139636953316712
32 6 139636953316760
48 8 139636953316792
32 6 139636953316840
112 20 139636953316872
32 6 139636953316984
64 29 139636953317016
160 24 139636953317080
88 28 139636953317240
40 25 139636953317328
64 29 139636953317368
24 31 139636953317432
88 28 139636953317456
24 25 139636953317544
24 17 139636953318688
64 29 139636953318712
88 28 139636953318808
56 25 139636953318896
48 8 139636953319288
32 6 139636953319336
32 6 139636953319368
48 8 139636953319784
32 6 139636953319832
48 8 139636953320128
32 6 139636953320176
32 24 139636953320272
48 8 139636953320432
32 6 139636953320480
32 6 139636953320512
40 17 139636953320544
64 29 139636953320584
88 28 139636953320680
88 25 139636953320768
64 29 139636953320856
24 31 139636953320920
88 28 139636953320944
24 25 139636953321032
56 17 139636953322232
64 29 139636953322288
88 28 139636953322384
120 25 139636953322472
32 6 139636953324096
32 17 139636953324192
64 29 139636953324224
88 28 139636953324320
280 25 139636953324408
48 8 139636953324688
32 6 139636953324736
48 8 139636953325056
32 6 139636953325104
64 29 139636953325136
32 24 139636953325200
88 28 139636953325232
40 25 139636953325320
48 8 139636953325360
32 6 139636953325408
32 6 139636953325440
136 17 139636953325472
64 29 139636953325608
88 28 139636953325704
280 25 139636953325792
64 29 139636953326072
24 31 139636953326136
88 28 139636953326160
24 25 139636953326248
64 29 139636953326352
32 24 139636953326416
88 28 139636953326448
40 25 139636953326536
48 8 139636953326576
32 6 139636953326624
32 6 139636953326656
24 17 139636953326688
64 29 139636953326712
88 28 139636953326808
56 25 139636953326896
64 29 139636953326952
24 31 139636953327016
88 28 139636953327040
24 25 139636953327128
48 8 139636953327808
32 6 139636953327856
48 8 139636953328440
32 6 139636953328488
48 8 139636953329048
32 6 139636953329096
48 8 139636953329632
32 6 139636953329680
48 8 139636953330192
32 6 139636953330240
48 8 139636953330728
32 6 139636953330776
48 8 139636953331240
32 6 139636953331288
48 8 139636953331728
32 6 139636953331776
48 8 139636953332192
32 6 139636953332240
48 8 139636953332632
32 6 139636953332680
48 8 139636953333048
32 6 139636953333096
48 8 139636953333440
32 6 139636953333488
48 8 139636953333808
32 6 139636953333856
48 24 139636953333976
48 8 139636953334168
32 6 139636953334216
48 8 139636953334248
32 6 139636953334296
48 8 139636953334600
32 6 139636953334648
64 29 139636953334680
32 24 139636953334744
88 28 139636953334776
40 25 139636953334864
48 8 139636953334904
32 6 139636953334952
32 6 139636953334984
80 17 139636953335016
64 29 139636953335096
88 28 139636953335192
168 25 139636953335280
64 29 139636953335448
24 31 139636953335512
88 28 139636953335536
24 25 139636953335624
48 8 139636953336136
32 6 139636953336184
48 8 139636953336600
32 6 139636953336648
48 8 139636953337040
32 6 139636953337088
48 8 139636953337456
32 6 139636953337504
48 8 139636953337848
32 6 139636953337896
48 8 139636953338216
32 6 139636953338264
48 8 139636953338560
32 6 139636953338608
64 29 139636953338640
88 28 139636953338768
40 25 139636953338856
48 8 139636953338896
32 6 139636953338944
120 17 139636953338976
64 29 139636953339096
88 28 139636953339192
248 25 139636953339280
48 8 139636953339528
32 6 139636953339576
48 8 139636953340136
32 6 139636953340184
48 8 139636953340720
32 6 139636953340768
48 8 139636953341280
32 6 139636953341328
48 8 139636953341816
32 6 139636953341864
48 8 139636953342328
32 6 139636953342376
48 8 139636953342816
32 6 139636953342864
48 8 139636953343280
32 6 139636953343328
48 8 139636953343720
32 6 139636953343768
48 8 139636953344136
32 6 139636953344184
48 8 139636953344528
32 6 139636953344576
48 8 139636953344896
32 6 139636953344944
48 8 139636953345240
32 6 139636953345288
48 8 139636953345560
32 6 139636953345608
24 17 139636953345640
64 29 139636953345664
32 24 139636953345728
88 28 139636953345760
88 25 139636953345848
48 8 139636953345936
32 6 139636953345984
48 8 139636953348504
32 6 139636953348552
48 8 139636953348848
32 6 139636953348896
48 8 139636953349152
32 6 139636953349200
32 24 139636953349320
48 8 139636953349704
32 6 139636953349752
24 17 139636953349784
64 29 139636953349808
32 24 139636953349872
88 28 139636953349904
120 25 139636953349992
48 8 139636953350112
32 6 139636953350160
24 17 139636953350192
64 29 139636953350216
32 24 139636953350280
88 28 139636953350312
104 25 139636953350400
48 8 139636953350504
32 6 139636953350552
48 8 139636953351608
32 6 139636953351656
48 8 139636953352688
48 8 139636953353744
32 6 139636953353792
48 8 139636953354776
48 8 139636953355784
48 8 139636953356768
32 6 139636953356816
48 8 139636953357728
32 6 139636953357776
48 8 139636953358664
32 6 139636953358712
48 8 139636953359576
48 8 139636953360464
32 6 139636953360512
48 8 139636953361328
32 6 139636953361376
48 8 139636953362168
32 6 139636953362216
48 8 139636953362984
32 6 139636953363032
32 24 139636953363152
48 8 139636953363776
32 6 139636953363824
8 18 139636953363856
56 7 139636953363864
40 20 139636953363920
24 21 139636953363960
24 4 139636953363984
24 21 139636953364008
32 4 139636953364032
24 21 139636953364064
40 4 139636953364088
24 21 139636953364128
24 4 139636953364152
24 21 139636953364176
24 4 139636953364200
24 21 139636953364224
32 4 139636953364248
24 21 139636953364280
24 4 139636953364304
24 21 139636953364328
24 4 139636953364352
24 21 139636953364376
24 4 139636953364400
24 21 139636953364424
40 4 139636953364448
24 21 139636953364488
24 4 139636953364512
24 21 139636953364536
24 4 139636953364560
24 21 139636953364584
24 4 139636953364608
24 21 139636953364632
24 4 139636953364656
24 21 139636953364680
24 4 139636953364704
24 21 139636953364728
32 4 139636953364752
24 21 139636953364784
24 4 139636953364808
24 21 139636953364832
24 4 139636953364856
24 21 139636953364880
24 4 139636953364904
24 21 139636953364928
24 4 139636953364952
24 21 139636953364976
32 4 139636953365000
24 21 139636953365032
24 4 139636953365056
24 21 139636953365080
24 4 139636953365104
24 21 139636953365128
24 4 139636953365152
24 21 139636953365176
24 4 139636953365200
24 21 139636953365224
32 4 139636953365248
24 21 139636953365280
32 4 139636953365304
24 21 139636953365336
32 4 139636953365360
24 21 139636953365392
56 4 139636953365416
24 21 139636953365472
24 4 139636953365496
24 21 139636953365520
48 4 139636953365544
24 21 139636953365592
24 4 139636953365616
24 21 139636953365640
32 4 139636953365664
24 21 139636953365696
32 4 139636953365720
24 21 139636953365752
32 4 139636953365776
24 21 139636953365808
32 4 139636953365832
24 21 139636953365864
32 4 139636953365888
24 21 139636953365920
24 4 139636953365944
24 21 139636953365968
24 4 139636953365992
24 21 139636953366016
24 4 139636953366040
24 21 139636953366064
32 4 139636953366088
24 21 139636953366120
24 4 139636953366144
24 21 139636953366168
24 4 139636953366192
24 21 139636953366216
24 4 139636953366240
24 21 139636953366264
24 4 139636953366288
24 21 139636953366312
32 4 139636953366336
24 21 139636953366368
24 4 139636953366392
24 21 139636953366416
32 4 139636953366440
24 21 139636953366472
32 4 139636953366496
24 21 139636953366528
24 4 139636953366552
24 21 139636953366576
40 4 139636953366600
24 21 139636953366640
32 4 139636953366664
24 21 139636953366696
32 4 139636953366720
24 21 139636953366752
32 4 139636953366776
24 21 139636953366808
32 4 139636953366832
24 21 139636953366864
24 4 139636953366888
24 21 139636953366912
24 4 139636953366936
24 21 139636953366960
32 4 139636953366984
24 21 139636953367016
24 4 139636953367040
24 21 139636953367064
32 4 139636953367088
24 21 139636953367120
32 4 139636953367144
24 21 139636953367176
24 4 139636953367200
24 21 139636953367224
32 4 139636953367248
24 21 139636953367280
24 4 139636953367304
24 21 139636953367328
32 4 139636953367352
24 21 139636953367384
24 4 139636953367408
24 21 139636953367432
24 4 139636953367456
24 21 139636953367480
24 4 139636953367504
24 21 139636953367528
24 4 139636953367552
24 21 139636953367576
24 4 139636953367600
24 21 139636953367624
24 4 139636953367648
24 21 139636953367672
24 4 139636953367696
24 21 139636953367720
40 4 139636953367744
24 21 139636953367784
32 4 139636953367808
24 21 139636953367840
32 4 139636953367864
24 21 139636953367896
32 4 139636953367920
24 21 139636953367952
40 4 139636953367976
24 21 139636953368016
24 4 139636953368040
24 21 139636953368064
24 4 139636953368088
24 21 139636953368112
24 4 139636953368136
24 21 139636953368160
24 4 139636953368184
24 21 139636953368208
24 4 139636953368232
24 21 139636953368256
24 4 139636953368280
24 21 139636953368304
40 4 139636953368328
24 21 139636953368368
32 4 139636953368392
24 21 139636953368424
24 4 139636953368448
24 21 139636953368472
32 4 139636953368496
24 21 139636953368528
32 4 139636953368552
24 21 139636953368584
32 4 139636953368608
24 21 139636953368640
24 4 139636953368664
24 21 139636953368688
24 4 139636953368712
24 21 139636953368736
24 4 139636953368760
24 21 139636953368784
24 4 139636953368808
24 21 139636953368832
32 4 139636953368856
56 9 139636953368992
16 5 139636953369048
16 5 139636953369064
16 5 139636953369080
16 5 139636953369096
16 5 139636953369112
16 5 139636953369128
16 5 139636953369144
16 5 139636953369160
56 9 139636953369176
56 9 139636953369232
56 9 139636953369288
56 9 139636953369344
56 9 139636953369400
56 9 139636953369456
56 9 139636953369512
56 9 139636953369568
56 9 139636953369624
56 9 139636953369680
56 9 139636953369736
56 9 139636953369792
56 9 139636953369848
56 9 139636953369904
56 9 139636953369960
56 9 139636953370016
56 9 139636953370072
56 9 139636953370128
56 9 139636953370184
56 9 139636953370240
56 9 139636953370296
56 9 139636953370352
56 9 139636953370408
56 9 139636953370464
56 9 139636953370520
56 9 139636953370576
56 9 139636953370632
56 9 139636953370688
56 9 139636953370744
56 9 139636953370800
56 9 139636953370856
56 9 139636953370912
56 9 139636953370968
32 6 139636953371024
64 29 139636953371056
24 21 139636953371120
24 4 139636953371144
24 31 139636953371168
88 28 139636953371192
40 25 139636953371280
32 6 139636953371320
232 6 139636953371352
64 29 139636953371584
24 21 139636953371648
24 4 139636953371672
24 21 139636953371696
24 4 139636953371720
24 21 139636953371744
24 4 139636953371768
24 21 139636953371792
24 4 139636953371816
24 21 139636953371840
24 4 139636953371864
24 21 139636953371888
24 4 139636953371912
24 21 139636953371936
24 4 139636953371960
24 21 139636953371984
24 4 139636953372008
24 21 139636953372032
24 4 139636953372056
24 21 139636953372080
24 4 139636953372104
24 21 139636953372128
24 4 139636953372152
24 21 139636953372176
24 4 139636953372200
24 21 139636953372224
24 4 139636953372248
24 21 139636953372272
24 4 139636953372296
24 21 139636953372320
24 4 139636953372344
24 21 139636953372368
24 4 139636953372392
24 21 139636953372416
24 4 139636953372440
24 21 139636953372464
24 4 139636953372488
24 21 139636953372512
24 4 139636953372536
24 21 139636953372560
24 4 139636953372584
24 21 139636953372608
24 4 139636953372632
24 21 139636953372656
24 4 139636953372680
24 21 139636953372704
24 4 139636953372728
24 21 139636953372752
24 4 139636953372776
24 21 139636953372800
24 4 139636953372824
24 21 139636953372848
24 4 139636953372872
24 31 139636953372896
88 28 139636953372920
440 25 139636953373008
32 6 139636953373448
256 6 139636953373480
64 29 139636953373736
24 21 139636953373800
32 4 139636953373824
24 21 139636953373856
24 4 139636953373880
24 21 139636953373904
32 4 139636953373928
24 21 139636953373960
24 4 139636953373984
24 21 139636953374008
24 4 139636953374032
24 21 139636953374056
24 4 139636953374080
24 21 139636953374104
32 4 139636953374128
24 21 139636953374160
24 4 139636953374184
24 21 139636953374208
24 4 139636953374232
24 21 139636953374256
32 4 139636953374280
24 21 139636953374312
32 4 139636953374336
24 21 139636953374368
32 4 139636953374392
24 21 139636953374424
32 4 139636953374448
24 21 139636953374480
32 4 139636953374504
24 21 139636953374536
32 4 139636953374560
24 21 139636953374592
24 4 139636953374616
24 21 139636953374640
24 4 139636953374664
24 21 139636953374688
32 4 139636953374712
24 21 139636953374744
24 4 139636953374768
24 21 139636953374792
24 4 139636953374816
24 21 139636953374840
32 4 139636953374864
24 21 139636953374896
32 4 139636953374920
24 21 139636953374952
32 4 139636953374976
24 21 139636953375008
24 4 139636953375032
24 31 139636953375056
88 28 139636953375080
488 25 139636953375168
32 6 139636953375656
56 9 139636953375688
56 9 139636953375744
56 17 139636953375800
64 29 139636953375856
88 28 139636953375952
168 25 139636953376040
24 21 139636953376208
24 4 139636953376232
24 21 139636953376640
40 4 139636953376664
24 21 139636953377064
32 4 139636953377088
24 21 139636953377768
32 4 139636953377792
16 5 139636953377824
64 24 139636953377904
24 21 139636953378144
32 4 139636953378168
16 5 139636953378200
56 9 139636953378216
56 9 139636953378272
56 9 139636953378328
24 17 139636953378384
64 29 139636953378408
88 28 139636953378504
104 25 139636953378592
24 21 139636953378984
32 4 139636953379008
56 9 139636953379040
56 9 139636953379096
56 9 139636953379152
56 9 139636953379208
56 9 139636953379264
56 9 139636953379320
56 9 139636953379376
56 9 139636953379432
56 9 139636953379488
56 9 139636953379544
56 9 139636953379600
56 9 139636953379656
56 9 139636953379712
56 9 139636953379768
56 9 139636953379824
56 9 139636953379880
56 9 139636953379936
56 9 139636953379992
56 9 139636953380048
56 9 139636953380104
56 9 139636953380160
56 9 139636953380216
56 9 139636953380272
56 9 139636953380328
56 9 139636953380384
56 9 139636953380440
56 9 139636953380496
56 9 139636953380552
56 9 139636953380608
64 29 139636953380664
88 28 139636953380760
88 25 139636953380848
56 9 139636953380936
56 9 139636953380992
64 29 139636953381048
24 31 139636953381112
88 28 139636953381136
72 25 139636953381224
64 29 139636953381296
24 31 139636953381360
88 28 139636953381384
40 25 139636953381472
48 13 139636953381512
64 29 139636953381560
24 31 139636953381624
88 28 139636953381648
72 25 139636953381736
64 29 139636953381808
24 31 139636953381872
88 28 139636953381896
40 25 139636953381984
40 14 139636953382024
64 29 139636953382064
24 31 139636953382128
88 28 139636953382152
56 25 139636953382240
64 29 139636953382296
24 31 139636953382360
88 28 139636953382384
56 25 139636953382472
136 12 139636953382528
64 29 139636953382664
24 21 139636953382728
32 4 139636953382752
24 21 139636953382784
32 4 139636953382808
24 21 139636953382840
24 4 139636953382864
24 21 139636953382888
32 4 139636953382912
24 21 139636953382944
24 4 139636953382968
24 21 139636953382992
32 4 139636953383016
24 21 139636953383048
32 4 139636953383072
24 21 139636953383104
32 4 139636953383128
24 31 139636953383160
88 28 139636953383184
248 25 139636953383272
64 29 139636953383520
24 31 139636953383584
88 28 139636953383608
72 25 139636953383696
8 18 139636953383768
136 7 139636953383776
64 29 139636953383912
24 21 139636953383976
32 4 139636953384000
24 21 139636953384032
24 4 139636953384056
24 21 139636953384080
24 4 139636953384104
24 21 139636953384128
24 4 139636953384152
24 21 139636953384176
24 4 139636953384200
24 21 139636953384224
24 4 139636953384248
24 21 139636953384272
24 4 139636953384296
24 21 139636953384320
24 4 139636953384344
24 21 139636953384368
24 4 139636953384392
24 21 139636953384416
32 4 139636953384440
24 31 139636953384472
88 28 139636953384496
248 25 139636953384584
64 29 139636953384832
24 31 139636953384896
88 28 139636953384920
72 25 139636953385008
64 9 139636953385080
64 29 139636953385144
24 21 139636953385208
24 4 139636953385232
24 31 139636953385256
88 28 139636953385280
104 25 139636953385368
64 29 139636953385472
24 31 139636953385536
88 28 139636953385560
24 25 139636953385648
40 6 139636953385672
64 29 139636953385712
24 31 139636953385776
88 28 139636953385800
56 25 139636953385888
88 28 139636953385944
24 25 139636953386032
16 5 139636953386056
16 5 139636953386072
16 5 139636953386088
24 21 139636953386104
24 4 139636953386128
24 21 139636953386152
24 4 139636953386176
24 21 139636953386200
24 4 139636953386224
24 21 139636953386248
32 4 139636953386272
24 21 139636953386304
24 4 139636953386328
24 21 139636953386352
32 4 139636953386376
24 21 139636953386408
24 4 139636953386432
24 21 139636953386456
24 4 139636953386480
24 21 139636953386504
24 4 139636953386528
24 21 139636953386552
24 4 139636953386576
24 21 139636953386600
24 4 139636953386624
24 21 139636953386648
24 4 139636953386672
24 21 139636953386696
24 4 139636953386720
24 21 139636953386744
24 4 139636953386768
24 21 139636953386792
32 4 139636953386816
24 21 139636953386848
32 4 139636953386872
24 21 139636953386904
32 4 139636953386928
24 21 139636953386960
40 4 139636953386984
48 8 139636955486768
32 6 139636955486816
56 6 139636955487008
56 6 139636955487064
56 6 139636955487120
56 6 139636955487176
56 6 139636955487232
56 6 139636955487288
56 6 139636955487344
56 6 139636955487400
56 6 139636955487456
56 6 139636955487512
56 6 139636955487568
56 6 139636955487624
56 6 139636955487680
56 6 139636955487736
56 6 139636955487792
56 6 139636955487848
56 6 139636955487904
56 6 139636955487960
56 6 139636955488016
56 6 139636955488072
56 6 139636955488128
56 6 139636955488184
56 6 139636955488240
56 6 139636955488296
56 6 139636955488352
56 6 139636955488408
56 6 139636955488464
56 6 139636955488520
56 6 139636955488576
56 6 139636955488632
56 6 139636955488688
56 6 139636955488744
56 6 139636955488800
56 6 139636955488856
56 6 139636955488912
56 6 139636955488968
56 6 139636955489024
56 6 139636955489080
56 6 139636955489136
56 6 139636955489192
56 6 139636955489248
56 6 139636955489304
56 6 139636955489360
56 6 139636955489416
56 6 139636955489472
56 6 139636955489528
56 6 139636955489584
56 6 139636955489640
56 6 139636955489696
56 6 139636955489752
56 6 139636955489808
56 6 139636955489864
56 6 139636955489920
56 6 139636955489976
56 6 139636955490032
56 6 139636955490088
56 6 139636955490144
56 6 139636955490200
56 6 139636955490256
56 6 139636955490312
56 6 139636955490368
56 6 139636955490424
56 6 139636955490480
56 6 139636955490536
56 6 139636955490592
56 6 139636955490648
56 6 139636955490704
56 6 139636955490760
56 6 139636955490816
56 6 139636955490872
56 6 139636955490928
56 6 139636955490984
56 6 139636955491040
56 6 139636955491096
56 6 139636955491152
56 6 139636955491208
56 6 139636955491264
56 6 139636955491320
56 6 139636955491376
56 6 139636955491432
56 6 139636955491488
56 6 139636955491544
56 6 139636955491600
56 6 139636955491656
56 6 139636955491712
56 6 139636955491768
56 6 139636955491824
56 6 139636955491880
56 6 139636955491936
56 6 139636955491992
56 6 139636955492048
56 6 139636955492104
56 6 139636955492160
56 6 139636955492216
56 6 139636955492272
56 6 139636955492328
56 6 139636955492384
56 6 139636955492440
56 6 139636955492496
56 6 139636955492552
808 18 139636955492608
56 7 139636955493416
48 20 139636955493504
==========GC=========
AS mono 000:303 alloc      1 hit      0 trans      7 copy     14 size 6/0 share 1
AS mono 000:346 alloc      1 hit      0 trans      3 copy      0 size 2/0 share 1
AS mono 000:358 alloc      1 hit      0 trans      3 copy      0 size 2/0 share 1
AS mono 008:012 alloc      1 hit      0 trans      1 copy      0 size 1/0 share 1
AS poly 021:005 alloc      4 hit      0 trans     10 copy      2 size 0/0 share 0
AS mono 023:010 alloc      1 hit      0 trans      1 copy      0 size 4/0 share 3
AS mono 077:006 alloc   1278 hit    986 trans   1570 copy      0 size 1/0 share 1
AS mono 077:026 alloc   1278 hit   1277 trans   1278 copy      0 size 4/0 share 3
AS mono 077:039 alloc 127800 hit  98675 trans 244297 copy 145620 size 4/0 share 1
64 29 139636953310488
88 28 139636953310720
88 25 139636953310808
32 24 139636953311512
24 17 139636953311704
64 29 139636953311728
88 28 139636953311824
56 25 139636953311912
64 29 139636953311968
24 31 139636953312032
88 28 139636953312056
24 25 139636953312144
64 29 139636953313032
64 29 139636953313096
32 24 139636953313160
88 28 139636953313192
40 25 139636953313280
24 17 139636953313352
64 29 139636953313376
88 28 139636953313472
56 25 139636953313560
64 29 139636953313616
24 31 139636953313680
88 28 139636953313704
24 25 139636953313792
64 29 139636953313928
32 6 139636953314112
32 17 139636953314144
64 29 139636953314176
88 28 139636953314272
72 25 139636953314360
64 29 139636953314432
24 31 139636953314496
88 28 139636953314520
24 25 139636953314608
168 17 139636953314760
64 29 139636953314928
88 28 139636953315024
792 25 139636953315112
24 17 139636953315904
64 29 139636953315928
88 28 139636953316024
56 25 139636953316112
48 8 139636953316168
32 6 139636953316216
32 24 139636953316312
48 8 139636953316472
32 6 139636953316520
48 8 139636953316552
32 6 139636953316600
48 8 139636953316632
32 6 139636953316680
48 8 139636953316712
32 6 139636953316760
48 8 139636953316792
32 6 139636953316840
112 20 139636953316872
32 6 139636953316984
64 29 139636953317016
160 24 139636953317080
88 28 139636953317240
40 25 139636953317328
64 29 139636953317368
24 31 139636953317432
88 28 139636953317456
24 25 139636953317544
24 17 139636953318688
64 29 139636953318712
88 28 139636953318808
56 25 139636953318896
48 8 139636953319288
32 6 139636953319336
32 6 139636953319368
48 8 139636953319784
32 6 139636953319832
48 8 139636953320128
32 6 139636953320176
32 24 139636953320272
48 8 139636953320432
32 6 139636953320480
32 6 139636953320512
40 17 139636953320544
64 29 139636953320584
88 28 139636953320680
88 25 139636953320768
64 29 139636953320856
24 31 139636953320920
88 28 139636953320944
24 25 139636953321032
56 17 139636953322232
64 29 139636953322288
88 28 139636953322384
120 25 139636953322472
32 6 139636953324096
32 17 139636953324192
64 29 139636953324224
88 28 139636953324320
280 25 139636953324408
48 8 139636953324688
32 6 139636953324736
48 8 139636953325056
32 6 139636953325104
64 29 139636953325136
32 24 139636953325200
88 28 139636953325232
40 25 139636953325320
48 8 139636953325360
32 6 139636953325408
32 6 139636953325440
136 17 139636953325472
64 29 139636953325608
88 28 139636953325704
280 25 139636953325792
64 29 139636953326072
24 31 139636953326136
88 28 139636953326160
24 25 139636953326248
64 29 139636953326352
32 24 139636953326416
88 28 139636953326448
40 25 139636953326536
48 8 139636953326576
32 6 139636953326624
32 6 139636953326656
24 17 139636953326688
64 29 139636953326712
88 28 139636953326808
56 25 139636953326896
64 29 139636953326952
24 31 139636953327016
88 28 139636953327040
24 25 139636953327128
48 8 139636953327808
32 6 139636953327856
48 8 139636953328440
32 6 139636953328488
48 8 139636953329048
32 6 139636953329096
48 8 139636953329632
32 6 139636953329680
48 8 139636953330192
32 6 139636953330240
48 8 139636953330728
32 6 139636953330776
48 8 139636953331240
32 6 139636953331288
48 8 139636953331728
32 6 139636953331776
48 8 139636953332192
32 6 139636953332240
48 8 139636953332632
32 6 139636953332680
48 8 139636953333048
32 6 139636953333096
48 8 139636953333440
32 6 139636953333488
48 8 139636953333808
32 6 139636953333856
48 24 139636953333976
48 8 139636953334168
32 6 139636953334216
48 8 139636953334248
32 6 139636953334296
48 8 139636953334600
32 6 139636953334648
64 29 139636953334680
32 24 139636953334744
88 28 139636953334776
40 25 139636953334864
48 8 139636953334904
32 6 139636953334952
32 6 139636953334984
80 17 139636953335016
64 29 139636953335096
88 28 139636953335192
168 25 139636953335280
64 29 139636953335448
24 31 139636953335512
88 28 139636953335536
24 25 139636953335624
48 8 139636953336136
32 6 139636953336184
48 8 139636953336600
32 6 139636953336648
48 8 139636953337040
32 6 139636953337088
48 8 139636953337456
32 6 139636953337504
48 8 139636953337848
32 6 139636953337896
48 8 139636953338216
32 6 139636953338264
48 8 139636953338560
32 6 139636953338608
64 29 139636953338640
88 28 139636953338768
40 25 139636953338856
48 8 139636953338896
32 6 139636953338944
120 17 139636953338976
64 29 139636953339096
88 28 139636953339192
248 25 139636953339280
48 8 139636953339528
32 6 139636953339576
48 8 139636953340136
32 6 139636953340184
48 8 139636953340720
32 6 139636953340768
48 8 139636953341280
32 6 139636953341328
48 8 139636953341816
32 6 139636953341864
48 8 139636953342328
32 6 139636953342376
48 8 139636953342816
32 6 139636953342864
48 8 139636953343280
32 6 139636953343328
48 8 139636953343720
32 6 139636953343768
48 8 139636953344136
32 6 139636953344184
48 8 139636953344528
32 6 139636953344576
48 8 139636953344896
32 6 139636953344944
48 8 139636953345240
32 6 139636953345288
48 8 139636953345560
32 6 139636953345608
24 17 139636953345640
64 29 139636953345664
32 24 139636953345728
88 28 139636953345760
88 25 139636953345848
48 8 139636953345936
32 6 139636953345984
48 8 139636953348504
32 6 139636953348552
48 8 139636953348848
32 6 139636953348896
48 8 139636953349152
32 6 139636953349200
32 24 139636953349320
48 8 139636953349704
32 6 139636953349752
24 17 139636953349784
64 29 139636953349808
32 24 139636953349872
88 28 139636953349904
120 25 139636953349992
48 8 139636953350112
32 6 139636953350160
24 17 139636953350192
64 29 139636953350216
32 24 139636953350280
88 28 139636953350312
104 25 139636953350400
48 8 139636953350504
32 6 139636953350552
48 8 139636953351608
32 6 139636953351656
48 8 139636953352688
48 8 139636953353744
32 6 139636953353792
48 8 139636953354776
48 8 139636953355784
48 8 139636953356768
32 6 139636953356816
48 8 139636953357728
32 6 139636953357776
48 8 139636953358664
32 6 139636953358712
48 8 139636953359576
48 8 139636953360464
32 6 139636953360512
48 8 139636953361328
32 6 139636953361376
48 8 139636953362168
32 6 139636953362216
48 8 139636953362984
32 6 139636953363032
32 24 139636953363152
48 8 139636953363776
32 6 139636953363824
8 18 139636953363856
56 7 139636953363864
40 20 139636953363920
24 21 139636953363960
24 4 139636953363984
24 21 139636953364008
32 4 139636953364032
24 21 139636953364064
40 4 139636953364088
24 21 139636953364128
24 4 139636953364152
24 21 139636953364176
24 4 139636953364200
24 21 139636953364224
32 4 139636953364248
24 21 139636953364280
24 4 139636953364304
24 21 139636953364328
24 4 139636953364352
24 21 139636953364376
24 4 139636953364400
24 21 139636953364424
40 4 139636953364448
24 21 139636953364488
24 4 139636953364512
24 21 139636953364536
24 4 139636953364560
24 21 139636953364584
24 4 139636953364608
24 21 139636953364632
24 4 139636953364656
24 21 139636953364680
24 4 139636953364704
24 21 139636953364728
32 4 139636953364752
24 21 139636953364784
24 4 139636953364808
24 21 139636953364832
24 4 139636953364856
24 21 139636953364880
24 4 139636953364904
24 21 139636953364928
24 4 139636953364952
24 21 139636953364976
32 4 139636953365000
24 21 139636953365032
24 4 139636953365056
24 21 139636953365080
24 4 139636953365104
24 21 139636953365128
24 4 139636953365152
24 21 139636953365176
24 4 139636953365200
24 21 139636953365224
32 4 139636953365248
24 21 139636953365280
32 4 139636953365304
24 21 139636953365336
32 4 139636953365360
24 21 139636953365392
56 4 139636953365416
24 21 139636953365472
24 4 139636953365496
24 21 139636953365520
48 4 139636953365544
24 21 139636953365592
24 4 139636953365616
24 21 139636953365640
32 4 139636953365664
24 21 139636953365696
32 4 139636953365720
24 21 139636953365752
32 4 139636953365776
24 21 139636953365808
32 4 139636953365832
24 21 139636953365864
32 4 139636953365888
24 21 139636953365920
24 4 139636953365944
24 21 139636953365968
24 4 139636953365992
24 21 139636953366016
24 4 139636953366040
24 21 139636953366064
32 4 139636953366088
24 21 139636953366120
24 4 139636953366144
24 21 139636953366168
24 4 139636953366192
24 21 139636953366216
24 4 139636953366240
24 21 139636953366264
24 4 139636953366288
24 21 139636953366312
32 4 139636953366336
24 21 139636953366368
24 4 139636953366392
24 21 139636953366416
32 4 139636953366440
24 21 139636953366472
32 4 139636953366496
24 21 139636953366528
24 4 139636953366552
24 21 139636953366576
40 4 139636953366600
24 21 139636953366640
32 4 139636953366664
24 21 139636953366696
32 4 139636953366720
24 21 139636953366752
32 4 139636953366776
24 21 139636953366808
32 4 139636953366832
24 21 139636953366864
24 4 139636953366888
24 21 139636953366912
24 4 139636953366936
24 21 139636953366960
32 4 139636953366984
24 21 139636953367016
24 4 139636953367040
24 21 139636953367064
32 4 139636953367088
24 21 139636953367120
32 4 139636953367144
24 21 139636953367176
24 4 139636953367200
24 21 139636953367224
32 4 139636953367248
24 21 139636953367280
24 4 139636953367304
24 21 139636953367328
32 4 139636953367352
24 21 139636953367384
24 4 139636953367408
24 21 139636953367432
24 4 139636953367456
24 21 139636953367480
24 4 139636953367504
24 21 139636953367528
24 4 139636953367552
24 21 139636953367576
24 4 139636953367600
24 21 139636953367624
24 4 139636953367648
24 21 139636953367672
24 4 139636953367696
24 21 139636953367720
40 4 139636953367744
24 21 139636953367784
32 4 139636953367808
24 21 139636953367840
32 4 139636953367864
24 21 139636953367896
32 4 139636953367920
24 21 139636953367952
40 4 139636953367976
24 21 139636953368016
24 4 139636953368040
24 21 139636953368064
24 4 139636953368088
24 21 139636953368112
24 4 139636953368136
24 21 139636953368160
24 4 139636953368184
24 21 139636953368208
24 4 139636953368232
24 21 139636953368256
24 4 139636953368280
24 21 139636953368304
40 4 139636953368328
24 21 139636953368368
32 4 139636953368392
24 21 139636953368424
24 4 139636953368448
24 21 139636953368472
32 4 139636953368496
24 21 139636953368528
32 4 139636953368552
24 21 139636953368584
32 4 139636953368608
24 21 139636953368640
24 4 139636953368664
24 21 139636953368688
24 4 139636953368712
24 21 139636953368736
24 4 139636953368760
24 21 139636953368784
24 4 139636953368808
24 21 139636953368832
32 4 139636953368856
56 9 139636953368992
16 5 139636953369048
16 5 139636953369064
16 5 139636953369080
16 5 139636953369096
16 5 139636953369112
16 5 139636953369128
16 5 139636953369144
16 5 139636953369160
56 9 139636953369176
56 9 139636953369232
56 9 139636953369288
56 9 139636953369344
56 9 139636953369400
56 9 139636953369456
56 9 139636953369512
56 9 139636953369568
56 9 139636953369624
56 9 139636953369680
56 9 139636953369736
56 9 139636953369792
56 9 139636953369848
56 9 139636953369904
56 9 139636953369960
56 9 139636953370016
56 9 139636953370072
56 9 139636953370128
56 9 139636953370184
56 9 139636953370240
56 9 139636953370296
56 9 139636953370352
56 9 139636953370408
56 9 139636953370464
56 9 139636953370520
56 9 139636953370576
56 9 139636953370632
56 9 139636953370688
56 9 139636953370744
56 9 139636953370800
56 9 139636953370856
56 9 139636953370912
56 9 139636953370968
32 6 139636953371024
64 29 139636953371056
24 21 139636953371120
24 4 139636953371144
24 31 139636953371168
88 28 139636953371192
40 25 139636953371280
32 6 139636953371320
232 6 139636953371352
64 29 139636953371584
24 21 139636953371648
24 4 139636953371672
24 21 139636953371696
24 4 139636953371720
24 21 139636953371744
24 4 139636953371768
24 21 139636953371792
24 4 139636953371816
24 21 139636953371840
24 4 139636953371864
24 21 139636953371888
24 4 139636953371912
24 21 139636953371936
24 4 139636953371960
24 21 139636953371984
24 4 139636953372008
24 21 139636953372032
24 4 139636953372056
24 21 139636953372080
24 4 139636953372104
24 21 139636953372128
24 4 139636953372152
24 21 139636953372176
24 4 139636953372200
24 21 139636953372224
24 4 139636953372248
24 21 139636953372272
24 4 139636953372296
24 21 139636953372320
24 4 139636953372344
24 21 139636953372368
24 4 139636953372392
24 21 139636953372416
24 4 139636953372440
24 21 139636953372464
24 4 139636953372488
24 21 139636953372512
24 4 139636953372536
24 21 139636953372560
24 4 139636953372584
24 21 139636953372608
24 4 139636953372632
24 21 139636953372656
24 4 139636953372680
24 21 139636953372704
24 4 139636953372728
24 21 139636953372752
24 4 139636953372776
24 21 139636953372800
24 4 139636953372824
24 21 139636953372848
24 4 139636953372872
24 31 139636953372896
88 28 139636953372920
440 25 139636953373008
32 6 139636953373448
256 6 139636953373480
64 29 139636953373736
24 21 139636953373800
32 4 139636953373824
24 21 139636953373856
24 4 139636953373880
24 21 139636953373904
32 4 139636953373928
24 21 139636953373960
24 4 139636953373984
24 21 139636953374008
24 4 139636953374032
24 21 139636953374056
24 4 139636953374080
24 21 139636953374104
32 4 139636953374128
24 21 139636953374160
24 4 139636953374184
24 21 139636953374208
24 4 139636953374232
24 21 139636953374256
32 4 139636953374280
24 21 139636953374312
32 4 139636953374336
24 21 139636953374368
32 4 139636953374392
24 21 139636953374424
32 4 139636953374448
24 21 139636953374480
32 4 139636953374504
24 21 139636953374536
32 4 139636953374560
24 21 139636953374592
24 4 139636953374616
24 21 139636953374640
24 4 139636953374664
24 21 139636953374688
32 4 139636953374712
24 21 139636953374744
24 4 139636953374768
24 21 139636953374792
24 4 139636953374816
24 21 139636953374840
32 4 139636953374864
24 21 139636953374896
32 4 139636953374920
24 21 139636953374952
32 4 139636953374976
24 21 139636953375008
24 4 139636953375032
24 31 139636953375056
88 28 139636953375080
488 25 139636953375168
32 6 139636953375656
56 9 139636953375688
56 9 139636953375744
56 17 139636953375800
64 29 139636953375856
88 28 139636953375952
168 25 139636953376040
24 21 139636953376208
24 4 139636953376232
24 21 139636953376640
40 4 139636953376664
24 21 139636953377064
32 4 139636953377088
24 21 139636953377768
32 4 139636953377792
16 5 139636953377824
64 24 139636953377904
24 21 139636953378144
32 4 139636953378168
16 5 139636953378200
56 9 139636953378216
56 9 139636953378272
56 9 139636953378328
24 17 139636953378384
64 29 139636953378408
88 28 139636953378504
104 25 139636953378592
24 21 139636953378984
32 4 139636953379008
56 9 139636953379040
56 9 139636953379096
56 9 139636953379152
56 9 139636953379208
56 9 139636953379264
56 9 139636953379320
56 9 139636953379376
56 9 139636953379432
56 9 139636953379488
56 9 139636953379544
56 9 139636953379600
56 9 139636953379656
56 9 139636953379712
56 9 139636953379768
56 9 139636953379824
56 9 139636953379880
56 9 139636953379936
56 9 139636953379992
56 9 139636953380048
56 9 139636953380104
56 9 139636953380160
56 9 139636953380216
56 9 139636953380272
56 9 139636953380328
56 9 139636953380384
56 9 139636953380440
56 9 139636953380496
56 9 139636953380552
56 9 139636953380608
64 29 139636953380664
88 28 139636953380760
88 25 139636953380848
56 9 139636953380936
56 9 139636953380992
64 29 139636953381048
24 31 139636953381112
88 28 139636953381136
72 25 139636953381224
64 29 139636953381296
24 31 139636953381360
88 28 139636953381384
40 25 139636953381472
48 13 139636953381512
64 29 139636953381560
24 31 139636953381624
88 28 139636953381648
72 25 139636953381736
64 29 139636953381808
24 31 139636953381872
88 28 139636953381896
40 25 139636953381984
40 14 139636953382024
64 29 139636953382064
24 31 139636953382128
88 28 139636953382152
56 25 139636953382240
64 29 139636953382296
24 31 139636953382360
88 28 139636953382384
56 25 139636953382472
136 12 139636953382528
64 29 139636953382664
24 21 139636953382728
32 4 139636953382752
24 21 139636953382784
32 4 139636953382808
24 21 139636953382840
24 4 139636953382864
24 21 139636953382888
32 4 139636953382912
24 21 139636953382944
24 4 139636953382968
24 21 139636953382992
32 4 139636953383016
24 21 139636953383048
32 4 139636953383072
24 21 139636953383104
32 4 139636953383128
24 31 139636953383160
88 28 139636953383184
248 25 139636953383272
64 29 139636953383520
24 31 139636953383584
88 28 139636953383608
72 25 139636953383696
8 18 139636953383768
136 7 139636953383776
64 29 139636953383912
24 21 139636953383976
32 4 139636953384000
24 21 139636953384032
24 4 139636953384056
24 21 139636953384080
24 4 139636953384104
24 21 139636953384128
24 4 139636953384152
24 21 139636953384176
24 4 139636953384200
24 21 139636953384224
24 4 139636953384248
24 21 139636953384272
24 4 139636953384296
24 21 139636953384320
24 4 139636953384344
24 21 139636953384368
24 4 139636953384392
24 21 139636953384416
32 4 139636953384440
24 31 139636953384472
88 28 139636953384496
248 25 139636953384584
64 29 139636953384832
24 31 139636953384896
88 28 139636953384920
72 25 139636953385008
64 9 139636953385080
64 29 139636953385144
24 21 139636953385208
24 4 139636953385232
24 31 139636953385256
88 28 139636953385280
104 25 139636953385368
64 29 139636953385472
24 31 139636953385536
88 28 139636953385560
24 25 139636953385648
40 6 139636953385672
64 29 139636953385712
24 31 139636953385776
88 28 139636953385800
56 25 139636953385888
88 28 139636953385944
24 25 139636953386032
16 5 139636953386056
16 5 139636953386072
16 5 139636953386088
24 21 139636953386104
24 4 139636953386128
24 21 139636953386152
24 4 139636953386176
24 21 139636953386200
24 4 139636953386224
24 21 139636953386248
32 4 139636953386272
24 21 139636953386304
24 4 139636953386328
24 21 139636953386352
32 4 139636953386376
24 21 139636953386408
24 4 139636953386432
24 21 139636953386456
24 4 139636953386480
24 21 139636953386504
24 4 139636953386528
24 21 139636953386552
24 4 139636953386576
24 21 139636953386600
24 4 139636953386624
24 21 139636953386648
24 4 139636953386672
24 21 139636953386696
24 4 139636953386720
24 21 139636953386744
24 4 139636953386768
24 21 139636953386792
32 4 139636953386816
24 21 139636953386848
32 4 139636953386872
24 21 139636953386904
32 4 139636953386928
24 21 139636953386960
40 4 139636953386984
48 8 139636956551456
32 6 139636956551504
56 6 139636956552176
56 6 139636956552232
56 6 139636956552288
56 6 139636956552344
56 6 139636956552400
56 6 139636956552456
56 6 139636956552512
56 6 139636956552568
56 6 139636956552624
56 6 139636956552680
56 6 139636956552736
56 6 139636956552792
56 6 139636956552848
56 6 139636956552904
56 6 139636956552960
56 6 139636956553016
56 6 139636956553072
56 6 139636956553128
56 6 139636956553184
56 6 139636956553240
56 6 139636956553296
56 6 139636956553352
56 6 139636956553408
56 6 139636956553464
56 6 139636956553520
56 6 139636956553576
56 6 139636956553632
56 6 139636956553688
56 6 139636956553744
56 6 139636956553800
56 6 139636956553856
56 6 139636956553912
56 6 139636956553968
56 6 139636956554024
56 6 139636956554080
56 6 139636956554136
56 6 139636956554192
56 6 139636956554248
56 6 139636956554304
56 6 139636956554360
56 6 139636956554416
56 6 139636956554472
56 6 139636956554528
56 6 139636956554584
56 6 139636956554640
56 6 139636956554696
56 6 139636956554752
56 6 139636956554808
56 6 139636956554864
56 6 139636956554920
56 6 139636956554976
56 6 139636956555032
56 6 139636956555088
56 6 139636956555144
56 6 139636956555200
56 6 139636956555256
56 6 139636956555312
56 6 139636956555368
56 6 139636956555424
56 6 139636956555480
56 6 139636956555536
56 6 139636956555592
56 6 139636956555648
56 6 139636956555704
56 6 139636956555760
56 6 139636956555816
56 6 139636956555872
56 6 139636956555928
56 6 139636956555984
56 6 139636956556040
56 6 139636956556096
56 6 139636956556152
56 6 139636956556208
56 6 139636956556264
56 6 139636956556320
56 6 139636956556376
56 6 139636956556432
56 6 139636956556488
56 6 139636956556544
56 6 139636956556600
56 6 139636956556656
56 6 139636956556712
56 6 139636956556768
56 6 139636956556824
56 6 139636956556880
56 6 139636956556936
56 6 139636956556992
56 6 139636956557048
56 6 139636956557104
56 6 139636956557160
56 6 139636956557216
56 6 139636956557272
56 6 139636956557328
56 6 139636956557384
56 6 139636956557440
56 6 139636956557496
56 6 139636956557552
56 6 139636956557608
56 6 139636956557664
56 6 139636956557720
808 18 139636956557776
56 7 139636956558584
48 20 139636956558672
Bounce: iterations=1 runtime: 18821000us

Bounce: iterations=1 average: 18821000us total: 18821000us




Total Runtime: 18821000us

